N_det = np.array([[96,92,186,2371],
                 [263,272,384,6297],
                 [286,394,477,8271],
                 [1855,2921,3330,63022],
                 [354,564,648,12264],
                 [130,273,376,5837],
                 [152,299,389,6487]])

N_init = [[  108.00166563    98.00801071   226.80843525  2541.19067117]
 [  296.86309686   290.11031239   444.70775902  6749.65699577]
 [  322.49514841   420.39088572   541.7625712   8865.7337389 ]
 [ 2090.59607898  3117.12589328  3709.92823284 67555.39775612]
 [  398.87922232   601.8594845    722.43765237 13146.19131699]
 [  145.51257876   291.18904749   438.44383117  6256.48073669]
 [  170.50384522   318.97218057   447.15509759  6953.36081686]]
 
N_init_delta = [[ 10.39238498   9.89989953  15.06016053  50.41022388]
 [ 17.22971552  17.03262494  21.0880952   82.15629614]
 [ 17.95814992  20.50343595  23.27579367  94.15802536]
 [ 45.72303663  55.83122687  60.9091802  259.9142123 ]
 [ 19.9719609   24.53282463  26.87820032 114.65684156]
 [ 12.06285948  17.06426229  20.93905039  79.09791866]
 [ 13.0577121   17.85979229  21.14604213  83.38681441]]
 
sigma = [[ 0.32277275  0.30123372  0.57883341  7.47695191]
 [ 0.644723    0.63460682  0.8662053  14.41148819]
 [ 1.02252862  1.22364398  1.47298794 25.91361464]
 [ 1.45057325  1.90750569  2.17137589 40.87048874]
 [ 0.96430541  1.34306494  1.56806282 29.23068683]
 [ 0.31293071  0.63622514  0.96302226 13.68477749]
 [ 0.16024845  0.36944777  0.55006391  8.19763338]]
 
delta_sigma = [[0.02408494 0.0221452  0.04159645 0.1177214 ]
 [0.02776113 0.0265207  0.04176189 0.1384445 ]
 [0.03977586 0.04394153 0.06419893 0.23079206]
 [0.02203035 0.02607234 0.03836109 0.15106318]
 [0.04023753 0.0478873  0.06837981 0.26809314]
 [0.02889213 0.03945303 0.06138494 0.20469466]
 [0.01982129 0.02616786 0.03956111 0.13288513]]
 
 ['e⁺e⁻ → e⁺e⁻', 1.5372180878062467, 0.02889836478642197, 90.95424902212703, 0.02582154851937015, 2.3076942841213897, 0.06570278082606754]
['e⁺e⁻ → μ⁺μ⁻', 1.9126659756097852, 0.025578813369035894, 91.19934485650744, 0.026269206421487327, 2.4428463032340857, 0.052658685702604714]
['e⁺e⁻ → τ⁺τ⁻', 2.1435765545107, 0.036366600815336804, 91.21641293503608, 0.03603869349081271, 2.9791004977119817, 0.08371144977438684]
['e⁺e⁻ → hadronisch', 40.860279215565406, 0.1464465008494948, 91.19607553857144, 0.006556861973955005, 2.5325431949846084, 0.013589706349918577]
